<numerical>
ssvec

ssvec =

    1.2354    1.2229    1.1941    1.0283    0.8178
    0.9187    0.9094    0.8880    0.7647    0.6081
    0.3167    0.3135    0.3061    0.2636    0.2096
   12.6685   12.5399   12.2446   10.5447    8.3859
    0.3336    0.3302    0.3224    0.2776    0.2208
         0    0.1550    0.5533    4.1449   12.8586

 ssvec

<analytical>
ssvec =

    1.2356    1.2231    1.1943    1.0285    0.8179
    0.9188    0.9095    0.8881    0.7648    0.6082
    0.3168    0.3136    0.3062    0.2637    0.2097
   12.6726   12.5440   12.2486   10.5482    8.3886
    0.3336    0.3302    0.3224    0.2777    0.2208
         0    0.1550    0.5531    4.1442   12.8574